{"m": [[-1.9259219187210697, -0.6741012640955173, -0.32132962463632, 4.327523588203594, -5.123029053677525, 2.8079252333954834, -0.3985733817430841, -2.3385064232154296, 3.7079072816962917, 8.862888151770125, 2.6612718269083118, -4.049687205515793, -6.739539187635719, 2.0838692532732317, 6.2731355353900256, 0.06938884686132418, -8.486196459504987, -5.014172817598359, 4.29366114478163, -8.6362413339992], [6.328502490587063, -0.8844415008370188, -6.147869348436517, 7.905226298500882, -1.9124812944520482, 3.25537081457702, -4.9247203237887405, 9.49905789172698, -7.6727950711296895, -1.966032680842094, 6.504894104843526, -1.0283615121663452, 6.998643196999694, -5.801826416579603, -2.350922126649058, 2.423433602651933, 2.8532586365690804, 9.812395857837291, -5.110936537464497, 0.17625147742304037], [2.503730456531608, -1.9511030683391724, 7.645036336769621, 7.947244344318349, -1.4469555057375452, -1.3442112240362007, -1.9472312131282976, -3.075211569793465, -9.221824137588548, -9.328101354442255, 0.3942965006307002, 7.80712935028204, -7.247658521503951, -9.136709640705224, 4.930563348898811, -3.056496377369415, -8.806191585614147, -3.4859563038089973, -6.797062200369823, -0.02101788079743372], [-3.631140770100478, -3.791907211193073, 3.7728186585390393, 9.691964110404442, 8.533460810326346, 0.6338092999931746, -5.231184286708506, 3.009244909981481, -1.877379792321097, -9.426479027224826, 9.014861694040604, 6.36824026297813, -4.626671665897735, 3.515882428648176, 8.65861195193909, 4.687887963985265, 3.337268770420126, 6.6488623203684405, 4.933077506037488, 8.834590301614345], [7.862986969723856, 7.155638152695484, -5.495754197431446, 5.391131458468477, -6.5800723155379455, -3.806580591969637, -7.663337120239682, 8.308479683948185, 2.1987335666090946, 0.47457876066046367, -2.396105208663222, -0.3612394731435238, -1.773337666803485, -4.560671666436891, 1.8929230763619902, -9.814869773459723, -5.257821441225403, -4.539071586884997, -4.566187434057083, 2.889864270022656], [0.5857904899907282, -7.207480612283872, 6.426321397045921, -8.735064518224881, 6.056240743609077, 5.2438964747154575, -6.38903043493988, -7.710167021703014, 1.5541634977300856, -8.760095351843496, -2.7721735699727006, -3.0731158779179175, -7.8572143827680225, -2.9846564266878666, -7.706265036160838, -4.974848314575004, 6.668500090810404, 4.695728236312792, -1.1217271260621438, 8.279196180632677], [-4.437834681897352, -5.392972624650998, -4.199994104410418, 8.670398467369527, -0.6191326320945567, 3.3198068319157343, 4.016696909696304, 7.53442348294433, -3.6379936291755355, 8.24308665302484, 4.034928029949299, 3.2788143757278636, 6.005290148583903, 0.5873603956675346, 8.279910226600446, 2.4116195503512206, -8.512216642271717, -0.4338260613645559, 1.034364637014491, -8.99934301021804], [4.736063777126686, -8.964241214772189, -5.902048832712545, 2.5244007732926335, 6.0801743528593875, -9.878970283510519, 2.1909021552736405, 4.931848262585266, 6.436114872673549, -5.297847168622834, -1.3939168601733591, -7.915060763715502, 9.112068699184142, 6.581322677996045, -2.2435411582821168, -0.2848399721954582, 5.060487672673158, -2.754448278479864, 0.8949815191785717, -7.519829613585043], [-4.427165311707418, -5.6119076210325165, 3.399087752316106, 6.932804725308458, -8.354157576653165, -2.3660044737678465, -5.16896605840405, -9.54809162845709, 6.884293810892245, -5.92554047411735, 6.834506457418456, -3.6932572237949612, 5.497070991485344, -3.1419064792577274, -0.8537236057574056, -4.301553505925064, -5.648228382363607, -9.03103685839297, 5.1534510189349, -7.4166527236511115], [-8.611508893666876, 0.6617074833113854, -2.7687186778356914, -3.713300668979686, 2.168902157892971, 7.6867643521444045, 0.09985389036565095, 4.850670679619409, -8.090483846325663, -1.1217431687570674, 5.908249063906082, 7.363170159169762, -8.15592759927302, -7.550398299634711, 1.5668374411938437, -7.119142789867709, -3.7743924842969845, 3.8791280012437817, -4.46341626432331, -2.763770291049128], [-1.0065131468048332, -8.408271400589864, -9.930046003264865, 0.7737795250485391, 4.235674846713264, 5.426806504917227, 9.291515278764837, -4.889926586942104, 6.102119606898334, -9.162208816792074, -6.877880002198202, 5.330132652250608, 5.589843177357167, 7.149694299263597, 2.780868778080867, -6.395836044724792, -0.8713094046112779, 8.809394350430356, 0.9428647130658145, -6.032325869940241], [-3.9865990451299655, -9.668862542738525, -0.31036943924654636, -0.43218317815387763, -5.002097983584561, -2.4794759619475704, 8.97853612565656, 0.9662970530793551, -4.534722947715617, -4.6526320012718525, -3.9324238552584267, 4.208507046644524, 0.7390213680532334, 0.8907853658642502, 3.1787094152124205, 8.117354566468165, -4.99693522348174, 2.027776559710798, 5.20776318021861, -1.3757341362385151], [-2.2405386027345475, -6.350739885325374, -1.681550725889549, 1.9457332524255104, 4.166565440250139, 2.525221309300335, 6.874652048351017, -9.631233770638733, -2.824448298752027, 0.36728569685279666, -0.5457632690223253, -1.2463816877184986, -2.603634743741985, -4.632380434252942, 1.6437154576616901, 9.657719544558475, 2.341551898941008, 9.03862094872527, 8.655271903715729, 7.913611061681518], [-8.224623858126927, -6.519189625646327, 4.184992932156639, 8.435315458618579, 4.75879856614551, 9.42444355459234, -1.8593591443335704, -4.86286088897671, 0.2222751396821785, 4.7591002617984675, 4.595462371411273, 9.415794167240723, -1.1940350243054905, -1.5264805374297818, -6.310134308907975, 1.7353580926771777, -9.865241419233834, -1.6975694827790235, 3.815497226091594, 5.411139540367881], [7.796910368910037, 3.855787182978217, -1.3342614796166785, 8.484404461625406, 1.9785413032468604, -2.96320429733165, 3.149375139322224, -0.5336107607773783, -8.564870657618059, 7.048864133734867, -0.16418008276318474, -7.79157977169098, 9.702833550213445, -4.057984850323928, 9.30515779807369, -6.827088530952221, -1.5478529652652853, 5.557110355696771, -2.8746668552740884, -9.745586548549497], [-9.792099616703789, -1.1458664222772263, 2.9656987948419893, -7.883359388077387, 4.731629343696868, -9.762812192979268, -1.6343125215394885, 5.897538383249547, -7.952213995721971, 5.593572381752196, 5.002411341495865, -3.010174050439442, 5.934830096449527, -2.56676612435081, -1.8197900490870609, 6.79684246044561, -0.5164393647437411, -9.796528050889556, 9.63190876351512, 5.260945740267051], [8.694252949905863, 7.250597036391671, 2.1650453173882145, 9.730306230720771, 3.7544615636624137, 1.4048630821946055, 1.0280119060284054, 7.478664672573196, 8.455863482952978, 9.211493821819886, -3.4353956587723093, -0.3237683672956866, 8.72428811127962, 0.7308204973412415, -0.7239319833195914, 2.5278666531926515, 0.5179779987308937, 1.6627064159000646, 8.477939299040656, -9.34686339671458], [-0.7681823302205952, -5.4226104236407995, 7.297900268463287, 9.225689466509653, 3.9210014515100653, -1.007615371413328, -1.9980098487106055, -8.654282794065498, 4.9864876762941925, 7.692804185689813, -9.129111559412664, 7.85354733329455, -4.306113892996441, -9.73539859453494, -2.7344126206409403, 8.35119104630034, -9.816678219926116, 0.39394294143928477, 0.462529440629984, -6.831262810308822], [-7.240085769129172, 0.43099098152869786, -4.654304355011483, -7.485646674152308, -7.121128445386155, 6.1312462567477795, 3.0623686669083288, 8.814672535663682, -6.337488192103791, 1.5734608986380554, -2.4436886827203335, 2.5198297367233646, -0.99356866262716, 6.730459398249138, 7.348650980906953, 5.10036632531021, -6.350121019372354, 5.643445883206912, 1.864628107646812, 4.740846336950739], [-7.530062897539269, 3.1502768966188697, -4.597309353006828, -7.730243901097684, -1.9123193083006402, 4.190737033232617, 6.971535662285852, -4.942692869772934, 3.4654152806613236, -2.04625549945876, 9.977320925257509, -6.892306361433251, 2.3409928822731665, 7.041887032354865, 0.6754435444602596, -7.784492408432991, -4.743692390726415, -5.997064099418368, -7.166660936693685, -7.33919623383942]], "u": [[0.15014247849847245, 0.2709338180834814, 0.05239828598438828, -0.0635741715924846, -0.2817513081915939, 0.06043346714508885, 0.1103713847581359, 0.09100380524206372, 0.04925473449629302, -0.4024978516936008, 0.00680208648606518, 0.5566738004285318, -0.04628058378115367, -0.0671502249332738, -0.037469006256031195, -0.24094734424208697, -0.0740983902560774, -0.3511515315992635, 0.29378488680107157, -0.19540892103860344], [0.10757566226619551, 0.03043500009174863, 0.032953930415169023, 0.3181169100772467, 0.368709826100537, -0.13723013930595146, -0.23740439102448208, 0.12964202744147094, -0.16518553632946406, 0.22354515351446497, 0.56076381659277, 0.1317166384771252, 0.2921198382632916, -0.041796408531716026, 0.015521188743770916, 0.043301692922816444, 0.15251371814574063, -0.1781895490064186, 0.2340807062007824, -0.2218181065121876], [-0.1740367318548785, 0.2822460507787555, 0.3764986858762376, 0.07756841073489226, 0.034243316496804545, -0.22701985859388296, -0.2417683174539689, -0.4050028544809773, 0.07296546599878986, -0.003997491394289883, -0.22843396662731827, -0.2030038725356417, 0.11771926359575974, 0.014573654464915209, -0.12049215665442126, -0.3412790495412784, 0.19122969893722006, 0.05140248847172455, 0.3946299491989792, 0.16838659915119888], [-0.2796977575507644, 0.12749045259716613, -0.1331658271385453, 0.14307368884562485, 0.26588828253525776, -0.07315436352859739, -0.4641361680160836, 0.32505760826417485, 0.21697082390023867, -0.40679101123180395, -0.3616662600131384, 0.04612015576767365, 0.050515156300659864, -0.0050227677028929175, 0.014565917394043311, 0.2382904278412535, 0.12597983786150233, -0.03534662312972432, -0.15695681689907814, -0.1528629897206469], [0.20975578975032777, -0.018894070326081275, 0.42278677999042885, 0.1438204309939546, 0.09438646253142026, -0.040260107350477574, 0.007394841218590333, -0.019689034669465904, 0.3985080367365232, 0.031824620162967686, 0.13827774027969308, 0.053511175056891784, -0.5558381555839941, -0.24622026402616617, 0.2037917310957316, -0.03502128430095286, 0.2543816279178947, 0.1318700371292713, -0.19876028981008226, -0.1717308239328553], [-0.39840503884248474, -0.28056176264329585, 0.10944603724412837, -0.2185401260165115, 0.08133501235552046, -0.16420320313821493, 0.017472083470750036, 0.07145638017732078, -0.1844395773460554, 0.07817819092595982, 0.05667672787166773, 0.3888573177320022, -0.20327073975819196, 0.22853998773499137, -0.45796426418720715, -0.1536742289967309, 0.18351250508599046, 0.2649332110525678, -0.04913907776076432, -0.19000324697304044], [0.22708819167340205, 0.4003174532443497, -0.19414164029462666, 0.2285644121151639, -0.10873294956524723, -0.01597906067725631, -0.11401472882610465, 0.07865949800430518, -0.02055965808022704, 0.1345449060388893, -0.03946645596276872, 0.1828242510169929, 0.004621817644270518, -0.10566851193547477, -0.14834782945706118, -0.008328187605462781, -0.26197831320981707, 0.7107127341762147, 0.05213164836681207, -0.06120012454107638], [0.28617745646265474, -0.1914238450748108, -0.2730333301153424, -0.23489234422141608, 0.09411915077000528, -0.06837443934568584, -0.3689883078755897, -0.08707398376151068, 0.12775969252498165, 0.27276710719301356, -0.1599226980389436, 0.37824535849651647, 0.022411912626324818, -0.2780856936965132, -0.052539240244340146, -0.16151458125403126, 0.14489531708057662, -0.13058054514226017, -0.09869296782668047, 0.42500972598880205], [0.0961127636371025, 0.16415930816200924, 0.14221957194315327, -0.359952624523707, -0.29726794825732766, -0.045446157417899966, -0.47815089110232006, 0.009948892705050658, 0.05014418450516929, -0.1283547791605223, 0.42174182547568173, -0.04047856449450016, -0.10550789108682863, 0.425011720923056, 0.06434741975950098, 0.2270385455798413, -0.03775994568489896, 0.05430266924096956, -0.0543200133243949, 0.20393043248774986], [-0.17663517814190466, 0.11890415630191416, 0.15352740293926123, 0.38134626534704724, -0.17307759191014407, -0.18021501269193183, 0.02687755934913263, 0.13273128509859225, -0.2186366908379003, 0.314451352944722, -0.21420007805810848, 0.3155322545076337, -0.07314469071011663, 0.3356192122135944, 0.42623851118367306, -0.045375094097717665, -0.03567846602694046, -0.13098285602246895, -0.201163746046998, 0.22835074080030646], [0.03847373361208341, -0.026184169866294762, -0.40890200547003086, -0.08690939773520535, -0.09442528759542713, -0.592575423831981, 0.04591271372323927, 0.014217841161153008, 0.1260510888457435, 0.1824525559022194, -0.09366245724437054, -0.15540183555646223, -0.3606967735446534, 0.09425102346191679, 0.08741026728935922, 0.14275948156081103, -0.03686270414570449, -0.12386334953270015, 0.3808390368518769, -0.22329884527169516], [-0.09140127380789545, 0.18043602093069536, -0.33145518925877077, 0.05112076750279238, -0.08089578500043994, -0.020134986706376142, -0.07108879501384588, -0.4609134379566276, 0.2017348282998374, 0.06456078881058681, 0.13956004035936762, -0.008515982892318221, 0.1258568571705097, 0.1771854257152109, 0.015665122931388782, -0.324721251551237, 0.011063806117273377, -0.1178675217348267, -0.4879541401284361, -0.3907883530777492], [-0.2673595217204242, 0.1188570723709773, -0.3374668960073387, -0.07613339933345897, 0.16082005837855484, -0.006652364776836005, 0.056348186070424786, -0.10955075433706118, -0.33283789766421157, -0.3375981398477233, 0.26166613235147973, 0.01701181495441597, -0.22542325651204817, -0.20369260255545332, 0.42700326263769744, -0.19898442845719855, 0.21281728585451734, 0.21229527974216278, 0.06192999665432876, 0.22734774436488098], [-0.2549438915003204, 0.38920174864062057, -0.01294533235119928, -0.09627563383336947, -0.09466184764212052, 0.025266883790423064, -0.04428321806739587, 0.44751099119666166, -0.04012641210262675, 0.2649697273070773, 0.14396755454340654, -0.28619792337682587, -0.20806805418798546, -0.2963396477477175, -0.27293811571222387, -0.2609789138863046, -0.07999863834692911, -0.2613425871479852, -0.16723720722246846, 0.10688752435029583], [0.39156973157107416, 0.13524799602895002, 0.043869564199507965, 0.13338863954355148, 0.17448113004897392, -0.1640120468738671, -0.05622447937804141, -0.218292288158869, -0.561153115824638, -0.21616755168189156, -0.13788979551209327, -0.09167637323815965, -0.2990338758299764, 0.03066070971820975, -0.3166924973454753, 0.12072454214300847, -0.0159360702320862, -0.19814438312478416, -0.25826276694622147, 0.00486210664616724], [-0.0596102580270878, -0.0050255408655914355, -0.13440087092049435, 0.0678315705826201, -0.08673460143867888, 0.6595736551445185, -0.3038308870280269, -0.12079108297158138, -0.17537089560510763, 0.2668008429032374, -0.16352264703686906, -0.029083286070795307, -0.3278548275836319, 0.0989653490711891, 0.039628787096694436, 0.06806918715565542, 0.171333092869257, -0.07952611694713876, 0.2859917575172415, -0.23197417668355758], [0.3808013601264994, 0.16613842256381336, -0.1054457030523515, -0.15084212238588807, 0.288909313711495, 0.10437612245876976, 0.20122940042453577, 0.3469479354315618, 0.07454065056699463, 0.003243899858216495, -0.12395024330693222, -0.14355470193012373, 0.043154455964233535, 0.4910890619558964, 0.040887587007850265, -0.34697875945915746, 0.3512993196817215, 0.08370095025934654, 0.02344477353082625, 0.026174513513710744], [-0.08328805577795312, 0.49208330946066375, 0.06996709814265197, -0.37527309746790016, 0.10406069624158544, -0.00464358721467545, 0.2721283718731108, -0.1585556881406051, -0.03154299869441132, 0.23693398681859057, -0.08996890609808675, 0.18658336807355072, 0.14975297410789584, -0.1199576461969764, 0.03996382436273805, 0.490144280494086, 0.32605340623803103, -0.01866417618930886, -0.0651948344582492, -0.07445527836150262], [-0.07905357632909125, 0.04317831563931583, -0.2505954433231149, 0.4522268886501756, -0.1705758090454518, 0.07545652629452408, 0.21985176148926783, -0.07735609757159691, 0.2768716147513799, -0.09719207610873704, 0.19342573215036424, 0.048097134277551815, -0.0944810164645529, 0.13256946692481741, -0.3875224431192128, 0.21835678379672435, 0.3531010708274837, -0.06618585454460786, 0.04631699504361658, 0.3925283197044688], [0.13909920903962905, -0.1546578014316677, 0.002537236895926254, 0.041279808341203934, -0.5887498922364296, -0.1476097490539798, -0.08981431321746923, 0.17202470492071972, -0.24528590416739154, -0.048995345880268173, -0.07231252843034047, -0.15573885262084394, 0.24219557497347768, -0.2131329566441176, 0.04189173720938349, -0.03405140827689602, 0.5393632671004258, 0.10619101990391552, -0.10176021932962831, -0.19327478222005687]], "d": [46.949047366773456, 43.045153882806275, 38.28495162233853, 38.13311542605529, 37.01754296906125, 35.37633928112001, 28.94870262413139, 24.668555074742475, 23.40879178150467, 20.282791394692303, 17.93521314189716, 13.733370729543132, 13.388263751739933, 11.97168390951767, 10.618745535511076, 8.03696252979461, 6.0379847446481145, 3.301785042090489, 2.7877926606914447, 1.0251123615424607], "v": [[0.2851716756286902, 0.2182164772890975, -0.22067901449385213, 0.20607136626462, -0.13426983099262726, -0.17510979085315306, 0.08443414153543692, 0.24896783301868974, 0.15049410465757804, 0.2683581498684067, -0.021691466062465692, -0.27561311746949685, 0.41904588033501633, 0.1171142569486765, 0.126917241872884, -0.16154893719622437, -0.04035631361335122, -0.12701655608868495, -0.04726096943429985, -0.4893605551782589], [-0.13870068378073858, -0.15945866392106547, 0.14499230256308657, 0.5240258096912713, -0.01736673769144991, 0.12286411882668065, 0.02232080637217846, -0.056894812616795624, -0.10141747237180805, 0.2807587078693788, 0.026587318555589306, 0.3237547426662997, -0.046401190258888995, -0.2423508980561552, 0.19270368594514745, 0.21669256169520215, -0.48154548625353766, -0.0024290939708440503, 0.15085921519996226, -0.2152067982457504], [0.1989655249534737, 0.3314641484723448, 0.22666748533101574, 0.09204369420531994, -0.18178092987634822, -0.03679858465657431, -0.41708297063953426, -0.040770943808841706, -0.04674101487489746, 0.0011466365538878262, 0.08838512634906114, 0.005423410827847541, -0.28585110789016527, -0.35673957613226887, -0.10265325439101249, -0.36648355658004234, -0.11822290164079068, -0.2798548831346397, -0.3515711976125815, 0.030465781484632474], [-0.11513116495355542, 0.2063209504241606, -0.2521353612845048, -0.12279261817851012, -0.13979492826422257, 0.16701301650048375, 0.053474839988026254, 0.5244570591955545, -0.5168902884277699, 0.03403491081480645, 0.2121126129501477, 0.11711666525344001, -0.03814631493576651, 0.019365661053622182, 0.30846409836740896, -0.04153493007128149, -0.0688085796445168, 0.22332283085496288, -0.1872358700498476, 0.15736282721411748], [0.477249492835675, 0.046482634701104926, 0.08520933809578375, 0.36359170851647643, 0.25850436422785716, -0.13504994508102555, -0.19676902946528987, 0.21648728639553083, -0.09417954459829152, -0.00437325527629452, -0.20083280226521807, 0.06694682826395423, 0.08982905496506846, -0.2136876562018542, -0.047590968342548605, 0.2100224986020904, 0.3345676510354602, 0.37714716144961824, 0.060972349283021726, 0.21968428363287618], [-0.16896944163189556, 0.18507588136898231, 0.21188679451963996, -0.20827731897596077, -0.025193611148898697, -0.2906985506128414, -0.14750775819169362, 0.22837502190091136, -0.10016518608642237, 0.43120730923631495, 0.09480814088930657, -0.14304260519800588, 0.05573526061857002, -0.03513654343574728, -0.12158044754979797, 0.38618803476192876, 0.03618990459901915, -0.37540784486686285, 0.3189849557152578, 0.22844692349305284], [0.12830346984059585, 0.3135419570991873, -0.030241961935587414, -0.277343134067894, -0.08053047524745599, 0.2935980319050158, 0.18485338640969318, -0.07162496720401064, 0.15859338833489686, 0.4782584099574184, -0.519577226759712, 0.11966599790495501, -0.2637094948043107, 0.011300977240771334, -0.09596972356139377, 0.0707708001310239, -0.05744582671614868, 0.21212067599692877, -0.06674606031076377, -0.024642213468907957], [-0.13535023971419594, 0.1787698349085894, -0.04555196714332749, 0.19023943441445768, 0.2745589019922821, 0.4814434518897909, -0.25339248102894546, 0.13955985513959165, 0.37815731554862425, 0.19959715308771456, 0.4223908713311325, 0.07677950930750725, 0.02813094826762645, 0.2349620452243664, -0.20142482312577634, -0.1410078919860611, 0.1051019736235006, 0.0770924019855649, 0.11690774922073592, 0.07961558183761215], [0.06999602016129368, -0.028682463232825087, -0.07752960771351056, 0.10922832609713175, -0.3149530049731643, -0.12078823675855123, -0.16560638185625148, 0.39049549205046946, 0.3770047656674565, -0.2998698173165237, -0.26282994955695677, 0.3436908871423881, -0.1691347197679486, 0.34693277124676214, 0.08397930341787621, 0.08933494223181192, -0.15199565611561475, -0.19969404235058424, 0.09807061054870139, 0.1636487382173426], [-0.1348401560713227, -0.26094223626872914, -0.1294930685662388, -0.1767418869158548, 0.2281918969891101, -0.02061591782769894, -0.023659716598615255, 0.33553289472840647, -0.05715926199380861, 0.009894722821429325, -0.1773748275488374, 0.3249919826494336, 0.27840538472857296, -0.22651304750728485, -0.5639836723818618, -0.0889262697122548, -0.11367130245166417, -0.1193654942003601, -0.23022242824240874, -0.15703798240300454], [0.06812995427492671, -0.16873626136516376, -0.25450207013249604, 0.06414165472016269, -0.6572947603402514, 0.24897859445459378, -0.1489869174413354, -0.11816029208027647, 0.013810835580526563, 0.00290333322891901, 0.07690210837795416, -0.2179970054696618, 0.23700911865191387, -0.19107766137383606, -0.33144464178158856, 0.1788541576105642, -0.06918347629851675, 0.16807136474385917, 0.06928703384117066, 0.20448972260207107], [-0.02290086679057925, -0.46069960932983145, -0.1656385718924144, -0.11754948348105253, 0.05226730097638265, -0.01073890736658814, -0.31882297665372367, 0.2680495993468409, 0.09946108167499539, 0.14183043253283517, 0.0023044770395978984, -0.355976497667039, -0.5156449313727898, -0.12077333872253311, 0.09437900149252482, 0.04874154380986685, 0.07472127205304345, 0.11912503584567137, 0.034755782693790746, -0.3164767575852253], [0.06117938041732021, 0.09014777869274043, 0.27938090527187553, 0.007966284108268851, -0.15304950217448055, 0.06413575869767889, 0.11984111648876297, 0.053127031436884874, 0.02974227170806218, -0.1348594378303669, 0.2765204954830289, 0.08534545000721702, -0.10769030828747746, 0.15534382984627568, -0.17175239602852096, 0.5694401922805856, 0.20293394286048538, 0.021388827162330152, -0.4387179750984094, -0.37265162463722884], [-0.09465498372282923, 0.15745130767214469, 0.3932589661571203, -0.24125956719435354, -0.20581509364718353, 0.18354037205847856, -0.11051875929477001, 0.1593688767103042, -0.018967191492272634, -0.26486836132174163, -0.06956733371559415, 0.11830160178638251, 0.14586373936528896, -0.2173255224253216, 0.05500569786961083, -0.15831471652275775, 0.16126320691556678, 0.18014132380816167, 0.49024481370005746, -0.39368591447250695], [-0.12247507594680913, 0.2920940902693601, -0.49371959683534744, 0.0585041445360521, -0.016151872080378805, -0.2448762251613973, 0.26945604323216704, -0.04783865706080436, 0.23517005456951057, -0.10446238032977938, 0.21272143821077075, 0.2133208160126798, -0.23956312373818522, -0.4561183127395929, -0.054845973359943644, 0.08286433503937421, 0.2137597885542897, -0.029664209007900323, 0.18036963432949016, -0.07739413379958057], [-0.42171507491366517, 0.1290422406956132, -0.10898677352425687, -0.09490572430620385, -0.018072021608851727, -0.2620489887226341, -0.5128695467751057, -0.22955959221982314, 0.16920250331399664, 0.0803637410714988, -0.12340183177556795, 0.14107457253777955, 0.27280134092079616, -0.0032465041014759087, 0.26008668652464073, 0.12925514128514115, 0.05464824996178773, 0.29449827959822567, -0.27854359927690986, -0.059892206354931914], [0.019585030076280083, 0.2665941123296139, 0.039194198462130486, -0.13366021358218166, 0.28656118416280313, 0.023179745199274855, 0.028415260580663737, 0.1393107519037588, 0.23545715341044832, -0.33988968261952396, 0.013393837808845191, -0.3788075911744181, 0.051968110776231514, -0.18202518490385677, -0.016533781193120888, 0.23731321108800318, -0.599736848989068, 0.1861561387219223, -0.02356103950496224, 0.06569088119317792], [0.011092597230633565, -0.2161554620574707, 0.14777929297058848, -0.10417342196872288, -0.00739007260852997, 0.2956426972731643, 0.174775300766399, 0.1538445621146984, 0.369300054940987, 0.057823096413651395, -0.017596900846587417, -0.015800710500411496, 0.22722068998880152, -0.40259484936355033, 0.4401129205139353, 0.05896536654465576, 0.21639332356325766, -0.26404918078370543, -0.2445623177392662, 0.2263998731626896], [0.2960581277116795, 0.08588728017867643, -0.3625227463447751, -0.17794285742600313, 0.2108273411918032, 0.3488173242573466, -0.33219605357138393, -0.22050390424863722, -0.23197053036758536, -0.15754075075524768, -0.07097773423232771, 0.114647863070124, 0.07814825446746823, 0.013622624375142669, 0.15799311784984993, 0.2948503302341131, 0.003632970874830202, -0.3972170937983683, 0.12621041590138238, -0.1675181574206672], [-0.4832668371884916, 0.19531140226783536, -0.04531632557629842, 0.422506809248424, 0.027005944177928946, 0.2260339306466073, 0.03071256308029682, 0.09298048793453256, -0.1560554736257416, -0.18418745052938687, -0.4410813993750236, -0.3446089931278942, -0.06535331629394694, -0.009746431288615744, -0.09074885981119851, 0.053713336007189194, 0.2267105169012319, -0.20571809132120536, -0.06999902811611741, -0.025323631206111134]]}